-0.306128 -0.003569 0.011385 0.004039 -0.047170 -0.062657 0.204849 -0.065019 0.147209 0.193391 -0.164791 0.003613 0.220904 -0.044254 -0.012853 -0.104672 
-0.077688 0.006565 0.018894 0.041458 -0.006044 0.033244 0.028226 0.037341 0.030760 0.010961 -0.100766 0.035818 0.043233 -0.070968 -0.026197 -0.003463 
-0.130933 -0.044650 0.010853 -0.049076 -0.084858 0.026400 0.055807 0.033375 0.047639 0.054533 0.011814 0.056743 0.084342 -0.004224 -0.018201 -0.024908 
0.118825 -0.007932 0.048467 -0.004266 0.094945 0.059820 -0.079356 0.040300 -0.056819 -0.101295 0.076006 -0.138195 -0.119832 0.062060 -0.061873 0.092629 
0.058858 0.036088 -0.057840 -0.031961 0.003126 -0.037394 -0.002694 0.034755 -0.087741 -0.067490 0.000765 0.055538 0.034885 -0.020462 0.009895 0.062907 
-0.207945 -0.042410 0.015507 -0.014997 -0.096280 -0.049415 0.148628 -0.070464 0.125437 0.107533 -0.110977 0.107800 0.156678 -0.109653 0.025357 0.011836 
0.283699 -0.022700 -0.003055 0.093606 0.111716 0.036065 -0.133367 0.014039 -0.210669 -0.113703 0.115047 0.009628 -0.201495 0.044481 0.021137 -0.003564 
-0.064030 -0.021860 -0.077044 -0.062314 -0.062490 0.048624 0.155963 -0.059993 0.082752 0.092441 -0.040134 -0.009017 0.082209 -0.022110 0.039628 -0.080216 
-0.162241 -0.039439 -0.021168 0.002971 -0.038069 -0.035330 0.124445 -0.059742 0.090364 0.177207 -0.089741 0.066304 0.047060 -0.001062 -0.017858 -0.033243 
-0.011005 -0.003184 0.045937 -0.036472 -0.045008 -0.026659 -0.063351 0.064038 0.053608 0.025197 0.032943 -0.006168 0.037254 -0.063933 -0.035730 0.037866 
-0.300626 -0.068298 -0.015429 0.012308 0.017202 -0.013851 0.091050 -0.015663 0.178658 0.141943 -0.152940 0.004289 0.194349 0.000771 -0.014042 -0.047117 
-0.147885 0.057217 0.024914 -0.062022 -0.023265 -0.057571 0.048005 -0.052982 0.088885 0.115988 -0.133297 0.070450 0.106351 -0.071992 0.043936 -0.009077 
0.673845 0.072995 -0.014263 0.097707 0.101472 0.141273 -0.311348 0.036542 -0.324028 -0.371193 0.381034 -0.139770 -0.409031 0.169129 -0.076877 0.017488 
-0.241483 -0.022231 -0.012593 0.011750 -0.054130 -0.052181 0.020275 -0.002804 0.084345 0.114762 -0.072379 0.024126 0.123308 0.021240 0.063214 0.016097 
0.227605 0.023206 0.054342 0.026852 0.088110 0.011472 -0.161503 0.078428 -0.104771 -0.191173 0.094430 -0.130979 -0.172351 0.121641 0.028087 0.035662 
0.096298 0.072546 -0.020273 -0.030540 0.064026 -0.018501 -0.045087 -0.000827 -0.014684 -0.076923 0.069943 -0.029522 -0.107143 -0.003094 0.038385 0.018336 
