-0.112699 0.038228 0.020126 0.002052 0.044273 0.027693 0.062799 0.001130 -0.110962 -0.083837 0.144933 0.012790 -0.072553 0.017306 -0.012194 -0.008472 
0.093745 0.054893 0.053065 -0.010829 -0.013754 0.052992 -0.100099 0.000234 -0.021485 0.041494 -0.084878 -0.005623 0.056608 -0.068764 0.051862 -0.027170 
0.078395 -0.081726 -0.007689 -0.042350 -0.033070 -0.026927 -0.014428 0.021327 -0.002983 0.105201 -0.058967 0.061679 0.006845 0.030347 0.020834 -0.036371 
-0.028145 -0.000950 -0.015661 0.012860 0.036216 0.010196 0.036008 0.049301 0.004841 -0.054618 0.027597 0.057232 0.024272 -0.057812 -0.061034 -0.030117 
0.050035 0.009728 -0.062059 0.104503 0.030376 -0.032182 0.056570 0.019928 -0.081286 0.005362 0.031575 0.013176 -0.065150 -0.127260 0.011396 0.018715 
-0.101708 -0.015319 0.034969 -0.093998 -0.043945 0.041553 0.003126 0.067407 0.013973 -0.069539 0.089441 0.025477 -0.005646 0.025195 0.019546 0.030417 
-0.029805 -0.006139 0.050183 0.010231 0.073513 0.003919 -0.024166 -0.014781 -0.002074 -0.009835 0.002093 -0.104869 0.019704 0.058099 0.028838 -0.056931 
-0.265919 0.017828 -0.024953 -0.052086 0.111600 0.028447 0.186330 0.002809 -0.082287 -0.139821 0.159586 -0.029437 -0.044634 0.023346 0.001815 0.041046 
0.005303 -0.034863 -0.008826 -0.035659 -0.006169 0.085934 -0.019543 0.029866 -0.041220 0.010094 0.025850 -0.054295 0.015349 0.030067 0.012000 0.017090 
-0.027323 -0.093203 -0.069580 0.000433 0.005368 0.006171 0.083644 0.034042 0.043457 0.058483 -0.010401 0.080127 -0.097875 -0.012660 -0.064055 0.046441 
0.231630 0.032972 0.020614 0.086851 -0.094855 -0.101068 -0.223817 -0.036048 0.118229 0.124395 -0.210563 0.016987 0.131156 -0.010176 -0.000234 0.005679 
0.068592 0.003413 0.097560 0.019381 -0.047419 -0.084867 -0.028442 -0.111490 0.085425 -0.002105 -0.118592 -0.031878 0.080970 0.095127 -0.020184 0.017838 
-0.026021 0.000127 -0.068966 -0.050185 -0.025117 0.028737 0.074955 0.120694 0.052590 0.051954 0.041550 0.010971 -0.092200 -0.031182 -0.098806 0.027225 
0.129027 0.028875 -0.020820 0.022428 0.033108 -0.026870 -0.056029 -0.116198 -0.038770 0.029611 -0.001611 -0.052395 -0.013911 0.027741 0.073060 -0.006449 
-0.069180 0.030030 0.050035 0.039326 -0.018787 0.009121 -0.004793 -0.022627 0.044075 -0.130741 -0.049358 0.018510 0.048198 0.071510 0.002259 -0.013454 
0.019914 0.015029 -0.034574 -0.006032 -0.049010 -0.018462 0.011477 -0.026891 0.042996 0.073999 0.029513 -0.013784 0.000845 -0.040718 0.020595 -0.002942 
