-0.076938 -0.132677 -0.069443 -0.020015 0.001202 0.117924 -0.003528 -0.024538 0.109229 0.106473 -0.019781 -0.043013 0.012882 -0.034893 0.101297 
0.195747 0.236146 0.177848 -0.000952 0.021208 -0.226061 0.010329 0.131470 -0.057699 -0.237362 -0.137182 -0.039036 0.177726 -0.108075 -0.231993 
0.098291 0.166730 0.157823 -0.067104 0.041113 -0.271298 -0.012376 0.129889 -0.123190 -0.161385 0.053089 0.067042 0.043359 0.041923 -0.190836 
-0.089260 -0.074718 -0.012096 0.081246 -0.004620 -0.009477 -0.039935 0.018775 -0.102662 0.049851 0.070493 0.050176 -0.012741 0.018149 0.082612 
0.120614 0.103918 0.089983 0.004548 -0.000404 -0.118861 0.044045 -0.051170 0.003352 -0.079035 0.007062 -0.039886 0.028898 0.002122 -0.094985 
-0.050927 -0.066872 -0.048338 0.014622 -0.066029 0.156109 -0.009248 -0.037273 -0.022270 0.089992 0.055626 0.034976 -0.073185 -0.020650 0.090795 
-0.032138 -0.096262 -0.103884 -0.008890 -0.018529 0.132843 0.096297 -0.058229 0.082342 0.011587 0.037866 -0.120308 0.045510 0.011022 0.057223 
0.029186 0.013772 0.036446 -0.080956 0.101056 0.012021 0.004446 -0.150877 0.113816 -0.025644 -0.044733 0.130635 -0.049066 0.016866 -0.063036 
-0.007963 -0.021497 0.021115 0.033703 -0.023978 0.054221 -0.161790 0.048511 -0.079683 0.130362 0.062753 0.001204 -0.106121 0.051699 0.026737 
0.235207 0.237860 0.192981 -0.032088 0.074604 -0.344898 -0.008380 0.165100 -0.144900 -0.177997 -0.076066 0.006453 0.091132 -0.009358 -0.250415 
0.114615 0.101153 0.021890 0.023145 0.025234 -0.118252 -0.047566 0.017151 -0.024600 -0.064666 -0.017141 -0.028754 0.004919 -0.013845 0.015561 
-0.333233 -0.263121 -0.237052 -0.010055 -0.012442 0.404086 0.035640 -0.091881 0.162840 0.266493 0.056961 -0.020742 -0.109025 -0.013666 0.223471 
0.170796 0.079142 0.003925 0.059940 -0.018440 -0.066662 -0.078555 -0.067558 0.025987 -0.047905 -0.031551 0.095939 -0.008368 -0.018485 -0.079689 
-0.124078 -0.103773 -0.050805 0.011234 -0.010643 0.030290 0.175636 0.009404 0.057440 -0.067511 -0.044228 -0.066418 0.035611 0.022865 0.129659 
-0.144554 -0.053708 -0.103262 0.014226 -0.068034 0.088090 -0.017052 0.053515 -0.048125 0.136885 0.012730 -0.024807 -0.014283 0.075635 0.112844 
